1399to1500

1     1701  13  61364  211.850596
2     1703  17 223268   76.141677
3     1705  23 139756  164.572541
4     1707   4  72793   54.950339
5     1718   1  74468   13.428587
6     1726   0 120680    0.000000
7     1736   0 138364    0.000000
8     1742   4 407671    9.811834
9     1748   0  12157    0.000000
10    1756   0   8440    0.000000
11    1764   1  29009   34.472060
12    1765   1   1374  727.802038
13    1768  23  80416  286.012734
14    1770  24  22417 1070.616050
15    1771  28  61966  451.860698
16    1773 196 412961  474.621090
17    1774   4  27134  147.416525
18    1775  27  75158  359.243194
19    1777  19  59245  320.702169
20    1778 302 653722  461.970073
21    1781  18  37091  485.292928
22    1782  59 119504  493.707324
23    1785  63 116697  539.859636
24    1786  42  83108  505.366511
25    1789 114 186448  611.430533
26    1790  41 143192  286.328845
27    1791  49 113485  431.775124
28    1795  87 131210  663.059218
29    1796 114 209854  543.234820
30    1797   2   9987  200.260338
31    1798 143 286639  498.885358




Coefficients:
   (Intercept)  merger$Group.1  
      -4878.90            2.86  


1499to1600 (re-do)

   Group.1 x.x    x.y      freq
1     1701   4  61364  65.18480
2     1703  13 223268  58.22599
3     1705  16 139756 114.48525
4     1707   1  72793  13.73758
5     1718   0  74468   0.00000
6     1726   0 120680   0.00000
7     1736   0 138364   0.00000
8     1742   0 407671   0.00000
9     1748   0  12157   0.00000
10    1756   0   8440   0.00000
11    1764   0  29009   0.00000
12    1765   0   1374   0.00000
13    1768  11  80416 136.78870
14    1770  21  22417 936.78904
15    1771  13  61966 209.79247
16    1773  82 412961 198.56597
17    1774  27  27134 995.06155
18    1775  17  75158 226.19016
19    1777  21  59245 354.46029
20    1778 260 653722 397.72258
21    1781  12  37091 323.52862
22    1782  37 119504 309.61307
23    1785  42 116697 359.90642
24    1786  29  83108 348.94354
25    1789  68 186448 364.71295
26    1790  27 143192 188.55802
27    1791  22 113485 193.85822
28    1795  55 131210 419.17537
29    1796  94 209854 447.93047
30    1797   4   9987 400.52068
31    1798  61 286639 212.81124
32    1799  10  28020 356.88794


   (Intercept) merger$Group.1 
 -11295.445279       6.609997 
 
 lm(formula = merger$freq ~ merger$Group.1)

Residuals:
    Min      1Q  Median      3Q     Max 
-252.22  -97.58  -34.38   41.55  826.56 

Coefficients:
                 Estimate Std. Error t value Pr(>|t|)    
(Intercept)    -1.130e+04  1.045e+03  -10.81   <2e-16 ***
merger$Group.1  6.610e+00  5.968e-01   11.07   <2e-16 ***
---
Signif. codes:  0 ‘***’ 0.001 ‘**’ 0.01 ‘*’ 0.05 ‘.’ 0.1 ‘ ’ 1

Residual standard error: 172.3 on 98 degrees of freedom
Multiple R-squared:  0.5559,	Adjusted R-squared:  0.5513 
F-statistic: 122.7 on 1 and 98 DF,  p-value: < 2.2e-16

 
 
 
 output_1599to1700.csv (re-do)
 
    Group.1 x.x    x.y        freq
1     1701   1  61364   16.296200
2     1703  11 223268   49.268144
3     1705   5 139756   35.776639
4     1707   0  72793    0.000000
5     1718   0  74468    0.000000
6     1726   1 120680    8.286377
7     1736   0 138364    0.000000
8     1742   4 407671    9.811834
9     1748   0  12157    0.000000
10    1756   1   8440  118.483412
11    1764   1  29009   34.472060
12    1765   0   1374    0.000000
13    1768  49  80416  609.331476
14    1770  11  22417  490.699023
15    1771  23  61966  371.171287
16    1773  95 412961  230.045937
17    1774   8  27134  294.833051
18    1775  30  75158  399.159105
19    1777  39  59245  658.283399
20    1778 262 653722  400.781984
21    1781  24  37091  647.057238
22    1782  53 119504  443.499799
23    1785  42 116697  359.906424
24    1786  61  83108  733.984695
25    1789 122 186448  654.337939
26    1790  58 143192  405.050561
27    1791  36 113485  317.222540
28    1795  86 131210  655.437848
29    1796 231 209854 1100.765294
30    1797   4   9987  400.520677
31    1798 127 286639  443.066017
32    1799  19  28020  678.087081


Coefficients:
   (Intercept)  merger$Group.1  
     -3553.138           2.082  
    
OVERALL



   Group.1  x.x    x.y      freq
1     1701   27  61364  439.9974
2     1703   49 223268  219.4672
3     1705   62 139756  443.6303
4     1707   11  72793  151.1134
5     1718    0  74468    0.0000
6     1726    0 120680    0.0000
7     1736    0 138364    0.0000
8     1742    0 407671    0.0000
9     1748    0  12157    0.0000
10    1756    2   8440  236.9668
11    1764    0  29009    0.0000
12    1765    2   1374 1455.6041
13    1768  130  80416 1616.5937
14    1770   89  22417 3970.2012
15    1771  112  61966 1807.4428
16    1773  586 412961 1419.0202
17    1774   60  27134 2211.2479
18    1775   96  75158 1277.3091
19    1777  120  59245 2025.4874
20    1778 1416 653722 2166.0584
21    1781   70  37091 1887.2503
22    1782  247 119504 2066.8764
23    1785  223 116697 1910.9317
24    1786  192  83108 2310.2469
25    1789  493 186448 2644.1689
26    1790  192 143192 1340.8570
27    1791  189 113485 1665.4183
28    1795  392 131210 2987.5772
29    1796  638 209854 3040.2089
30    1797   14   9987 1401.8224
31    1798  505 286639 1761.7979
32    1799   49  28020 1748.7509


Coefficients:
   (Intercept)  merger$Group.1  
     -17800.62           10.42  